0 0.70703125 0.1609375 0.1203125 0.1203125
0 0.55078125 0.23828125 0.125 0.1296875
0 0.73046875 0.290625 0.1203125 0.08203125
0 0.35546875 0.33671875 0.1203125 0.1203125
0 0.73828125 0.3703125 0.10546875 0.1203125
0 0.4546875 0.3890625 0.10546875 0.125
0 0.63203125 0.396875 0.103125 0.12265625
0 0.5484375 0.44453125 0.1203125 0.1203125
0 0.7328125 0.47109375 0.08203125 0.0796875
0 0.71875 0.51171875 0.08671875 0.08203125
0 0.59140625 0.52421875 0.0984375 0.103125
0 0.45703125 0.53828125 0.10546875 0.08671875
0 0.4828125 0.60078125 0.12265625 0.12734375
0 0.26953125 0.6203125 0.125 0.134375
0 0.5265625 0.709375 0.1203125 0.1109375
0 0.5265625 0.7953125 0.0984375 0.09609375