0 0.4515625 0.196875 0.134375 0.1078125
0 0.46171875 0.28828125 0.1390625 0.1296875
0 0.51171875 0.384375 0.125 0.1296875
0 0.72109375 0.3578125 0.125 0.1421875
0 0.55078125 0.60546875 0.10546875 0.1421875
0 0.66328125 0.64453125 0.1296875 0.1390625
0 0.4734375 0.75234375 0.1296875 0.1203125
0 0.2640625 0.5359375 0.08203125 0.071875
0 0.290625 0.63671875 0.1609375 0.13203125
0 0.384375 0.6109375 0.125 0.1390625
0 0.4015625 0.4734375 0.10078125 0.125
0 0.46640625 0.5625 0.1109375 0.1390625
0 0.3125 0.8390625 0.13203125 0.1421875
0 0.27421875 0.7140625 0.115625 0.1203125