0 0.3921875 0.2140625 0.115625 0.103125
0 0.41796875 0.303125 0.10546875 0.1109375
0 0.6875 0.3125 0.11328125 0.1109375
0 0.49296875 0.39453125 0.1203125 0.13203125
0 0.53125 0.4515625 0.10078125 0.06953125
0 0.40625 0.49765625 0.09140625 0.103125
0 0.290625 0.540625 0.08671875 0.0765625
0 0.4640625 0.56015625 0.115625 0.1109375
0 0.28828125 0.59140625 0.08203125 0.08203125
0 0.57421875 0.59375 0.10546875 0.125
0 0.6828125 0.6078125 0.10546875 0.1203125
0 0.40625 0.63671875 0.115625 0.12265625
0 0.31484375 0.68515625 0.1109375 0.11796875
0 0.334375 0.759375 0.09609375 0.0765625
0 0.51953125 0.76171875 0.115625 0.12265625
0 0.39453125 0.86328125 0.11796875 0.1203125