0 0.52890625 0.7671875 0.134375 0.1390625
0 0.43046875 0.571875 0.1421875 0.15390625
0 0.3125 0.5890625 0.1515625 0.1609375
0 0.2359375 0.64453125 0.125 0.15625
0 0.42578125 0.4421875 0.1203125 0.12265625
0 0.5171875 0.4375 0.1515625 0.13203125
0 0.6109375 0.46875 0.146875 0.1734375
0 0.71171875 0.53359375 0.13203125 0.1390625
0 0.6921875 0.321875 0.1609375 0.14453125
0 0.5171875 0.3484375 0.1390625 0.115625
0 0.665625 0.1515625 0.125 0.1421875
0 0.540625 0.19921875 0.11796875 0.115625
0 0.4828125 0.24765625 0.1296875 0.134375
0 0.40390625 0.29296875 0.09375 0.10546875