0 0.5484375 0.803125 0.134375 0.1078125
0 0.53828125 0.71171875 0.1390625 0.1296875
0 0.48828125 0.615625 0.125 0.1296875
0 0.27890625 0.6421875 0.125 0.1421875
0 0.44921875 0.39453125 0.10546875 0.1421875
0 0.33671875 0.35546875 0.1296875 0.1390625
0 0.5265625 0.24765625 0.1296875 0.1203125
0 0.7359375 0.4640625 0.08203125 0.071875
0 0.709375 0.36328125 0.1609375 0.13203125
0 0.615625 0.3890625 0.125 0.1390625
0 0.5984375 0.5265625 0.10078125 0.125
0 0.53359375 0.4375 0.1109375 0.1390625
0 0.6875 0.1609375 0.13203125 0.1421875
0 0.72578125 0.2859375 0.115625 0.1203125