0 0.6078125 0.7859375 0.115625 0.103125
0 0.58203125 0.696875 0.10546875 0.1109375
0 0.3125 0.6875 0.11328125 0.1109375
0 0.50703125 0.60546875 0.1203125 0.13203125
0 0.46875 0.5484375 0.10078125 0.06953125
0 0.59375 0.50234375 0.09140625 0.103125
0 0.709375 0.459375 0.08671875 0.0765625
0 0.5359375 0.43984375 0.115625 0.1109375
0 0.71171875 0.40859375 0.08203125 0.08203125
0 0.42578125 0.40625 0.10546875 0.125
0 0.3171875 0.3921875 0.10546875 0.1203125
0 0.59375 0.36328125 0.115625 0.12265625
0 0.68515625 0.31484375 0.1109375 0.11796875
0 0.665625 0.240625 0.09609375 0.0765625
0 0.48046875 0.23828125 0.115625 0.12265625
0 0.60546875 0.13671875 0.11796875 0.1203125