0 0.70703125 0.6734375 0.134375 0.15625
0 0.396875 0.78125 0.1515625 0.1203125
0 0.4234375 0.7015625 0.146875 0.125
0 0.49765625 0.615625 0.15390625 0.1421875
0 0.68515625 0.37265625 0.134375 0.1515625
0 0.5796875 0.4109375 0.13203125 0.15625
0 0.48046875 0.44921875 0.134375 0.15625
0 0.4109375 0.37734375 0.1203125 0.15390625
0 0.31484375 0.33203125 0.1390625 0.1390625
0 0.40625 0.50703125 0.12265625 0.11328125
0 0.2859375 0.41796875 0.10546875 0.103125
0 0.33203125 0.24765625 0.1515625 0.1296875
0 0.35078125 0.12265625 0.21171875 0.1390625
0 0.4953125 0.228125 0.2234375 0.1390625