0 0.5265625 0.76171875 0.125 0.1296875
0 0.33203125 0.70703125 0.15625 0.1296875
0 0.38203125 0.53359375 0.10546875 0.1203125
0 0.28828125 0.48046875 0.134375 0.13671875
0 0.446875 0.240625 0.17578125 0.1703125
0 0.56953125 0.415625 0.1515625 0.16328125
0 0.6828125 0.40625 0.15390625 0.1296875
0 0.7453125 0.334375 0.15625 0.1421875
0 0.56953125 0.553125 0.12265625 0.10078125
0 0.478125 0.56484375 0.1421875 0.1421875
0 0.60546875 0.7046875 0.125 0.09609375
0 0.47578125 0.81015625 0.134375 0.11328125
0 0.353125 0.85546875 0.11796875 0.1515625