0 0.6875 0.30078125 0.1421875 0.1296875
0 0.38203125 0.21640625 0.1203125 0.11796875
0 0.4109375 0.30546875 0.14453125 0.13203125
0 0.4953125 0.3890625 0.134375 0.1390625
0 0.69921875 0.60078125 0.134375 0.12734375
0 0.5796875 0.59609375 0.11796875 0.1421875
0 0.48046875 0.56015625 0.1203125 0.134375
0 0.40859375 0.5 0.1078125 0.115625
0 0.4109375 0.63671875 0.12265625 0.146875
0 0.53359375 0.76171875 0.13203125 0.1390625
0 0.3125 0.6921875 0.1421875 0.134375
0 0.2859375 0.6109375 0.11328125 0.115625
0 0.334375 0.7640625 0.125 0.1078125
0 0.40390625 0.88203125 0.1390625 0.1421875