0 0.53828125 0.19453125 0.1609375 0.1109375
0 0.53125 0.29296875 0.12734375 0.12265625
0 0.27890625 0.3609375 0.1515625 0.1296875
0 0.3578125 0.64921875 0.1296875 0.1421875
0 0.45703125 0.603125 0.1296875 0.15859375
0 0.5484375 0.7640625 0.12265625 0.1390625
0 0.709375 0.83671875 0.13203125 0.14453125
0 0.72109375 0.69453125 0.1296875 0.1109375
0 0.72578125 0.6390625 0.1421875 0.14921875
0 0.62734375 0.60078125 0.11796875 0.15859375
0 0.72578125 0.52890625 0.1109375 0.103125
0 0.58671875 0.46640625 0.1296875 0.10078125
0 0.5484375 0.56015625 0.12265625 0.13671875
0 0.4734375 0.396875 0.1515625 0.1390625