0 0.4859375 0.23046875 0.115625 0.1109375
0 0.2984375 0.26953125 0.10546875 0.08671875
0 0.290625 0.334375 0.1203125 0.12265625
0 0.66796875 0.36328125 0.12265625 0.1109375
0 0.38671875 0.375 0.115625 0.14921875
0 0.56015625 0.39453125 0.1203125 0.115625
0 0.27421875 0.4328125 0.084375 0.084375
0 0.459375 0.4375 0.115625 0.125
0 0.2859375 0.478125 0.09140625 0.09375
0 0.4109375 0.509375 0.103125 0.10078125
0 0.53359375 0.54296875 0.115625 0.08671875
0 0.50234375 0.60078125 0.12734375 0.115625
0 0.71171875 0.65859375 0.1109375 0.115625
0 0.44453125 0.69453125 0.12265625 0.12265625
0 0.42578125 0.78828125 0.10078125 0.0984375
0 0.35078125 0.1421875 0.11328125 0.1203125