0 0.6515625 0.23828125 0.1078125 0.0984375
0 0.3484375 0.2859375 0.125 0.125
0 0.615625 0.31953125 0.115625 0.103125
0 0.521875 0.396875 0.134375 0.12265625
0 0.4828125 0.43984375 0.09609375 0.10078125
0 0.59140625 0.509375 0.09609375 0.09140625
0 0.509375 0.56484375 0.115625 0.12265625
0 0.69453125 0.56953125 0.10078125 0.0796875
0 0.2984375 0.57421875 0.1203125 0.125
0 0.415625 0.5765625 0.1078125 0.12734375
0 0.69453125 0.62734375 0.10078125 0.0984375
0 0.5671875 0.646875 0.1109375 0.1109375
0 0.6515625 0.71640625 0.1203125 0.1109375
0 0.43515625 0.759375 0.1203125 0.125
0 0.6203125 0.77890625 0.103125 0.1109375
0 0.53828125 0.8796875 0.1109375 0.1203125