0 0.3921875 0.7859375 0.115625 0.103125
0 0.41796875 0.696875 0.10546875 0.1109375
0 0.6875 0.6875 0.11328125 0.1109375
0 0.49296875 0.60546875 0.1203125 0.13203125
0 0.53125 0.5484375 0.10078125 0.06953125
0 0.40625 0.50234375 0.09140625 0.103125
0 0.290625 0.459375 0.08671875 0.0765625
0 0.4640625 0.43984375 0.115625 0.1109375
0 0.28828125 0.40859375 0.08203125 0.08203125
0 0.57421875 0.40625 0.10546875 0.125
0 0.6828125 0.3921875 0.10546875 0.1203125
0 0.40625 0.36328125 0.115625 0.12265625
0 0.31484375 0.31484375 0.1109375 0.11796875
0 0.334375 0.240625 0.09609375 0.0765625
0 0.51953125 0.23828125 0.115625 0.12265625
0 0.39453125 0.13671875 0.11796875 0.1203125