0 0.4953125 0.228125 0.134375 0.1296875
0 0.6828125 0.24765625 0.09609375 0.09140625
0 0.696875 0.321875 0.1203125 0.1296875
0 0.60078125 0.36796875 0.1203125 0.134375
0 0.3171875 0.3703125 0.1078125 0.115625
0 0.43515625 0.40625 0.1078125 0.11796875
0 0.72109375 0.4203125 0.0765625 0.08203125
0 0.52890625 0.4375 0.1078125 0.11796875
0 0.7140625 0.46875 0.09609375 0.0796875
0 0.58671875 0.50234375 0.1109375 0.1109375
0 0.4640625 0.5453125 0.0796875 0.071875
0 0.5046875 0.603125 0.13203125 0.12265625
0 0.2984375 0.6734375 0.1109375 0.103125
0 0.56953125 0.696875 0.125 0.1203125
0 0.59140625 0.77890625 0.115625 0.11796875
0 0.62734375 0.13671875 0.1078125 0.12265625