0 0.4734375 0.23828125 0.125 0.1296875
0 0.66796875 0.29296875 0.15625 0.1296875
0 0.61796875 0.46640625 0.10546875 0.1203125
0 0.71171875 0.51953125 0.134375 0.13671875
0 0.553125 0.759375 0.17578125 0.1703125
0 0.43046875 0.584375 0.1515625 0.16328125
0 0.3171875 0.59375 0.15390625 0.1296875
0 0.2546875 0.665625 0.15625 0.1421875
0 0.43046875 0.446875 0.12265625 0.10078125
0 0.521875 0.43515625 0.1421875 0.1421875
0 0.39453125 0.2953125 0.125 0.09609375
0 0.52421875 0.18984375 0.134375 0.11328125
0 0.646875 0.14453125 0.11796875 0.1515625