0 0.70703125 0.8390625 0.1203125 0.1203125
0 0.55078125 0.76171875 0.125 0.1296875
0 0.73046875 0.709375 0.1203125 0.08203125
0 0.35546875 0.66328125 0.1203125 0.1203125
0 0.73828125 0.6296875 0.10546875 0.1203125
0 0.4546875 0.6109375 0.10546875 0.125
0 0.63203125 0.603125 0.103125 0.12265625
0 0.5484375 0.55546875 0.1203125 0.1203125
0 0.7328125 0.52890625 0.08203125 0.0796875
0 0.71875 0.48828125 0.08671875 0.08203125
0 0.59140625 0.47578125 0.0984375 0.103125
0 0.45703125 0.46171875 0.10546875 0.08671875
0 0.4828125 0.39921875 0.12265625 0.12734375
0 0.26953125 0.3796875 0.125 0.134375
0 0.5265625 0.290625 0.1203125 0.1109375
0 0.5265625 0.2046875 0.0984375 0.09609375