0 0.3125 0.69921875 0.1421875 0.1296875
0 0.61796875 0.78359375 0.1203125 0.11796875
0 0.5890625 0.69453125 0.14453125 0.13203125
0 0.5046875 0.6109375 0.134375 0.1390625
0 0.30078125 0.39921875 0.134375 0.12734375
0 0.4203125 0.40390625 0.11796875 0.1421875
0 0.51953125 0.43984375 0.1203125 0.134375
0 0.59140625 0.5 0.1078125 0.115625
0 0.5890625 0.36328125 0.12265625 0.146875
0 0.46640625 0.23828125 0.13203125 0.1390625
0 0.6875 0.3078125 0.1421875 0.134375
0 0.7140625 0.3890625 0.11328125 0.115625
0 0.665625 0.2359375 0.125 0.1078125
0 0.59609375 0.11796875 0.1390625 0.1421875