0 0.4859375 0.76953125 0.115625 0.1109375
0 0.2984375 0.73046875 0.10546875 0.08671875
0 0.290625 0.665625 0.1203125 0.12265625
0 0.66796875 0.63671875 0.12265625 0.1109375
0 0.38671875 0.625 0.115625 0.14921875
0 0.56015625 0.60546875 0.1203125 0.115625
0 0.27421875 0.5671875 0.084375 0.084375
0 0.459375 0.5625 0.115625 0.125
0 0.2859375 0.521875 0.09140625 0.09375
0 0.4109375 0.490625 0.103125 0.10078125
0 0.53359375 0.45703125 0.115625 0.08671875
0 0.50234375 0.39921875 0.12734375 0.115625
0 0.71171875 0.34140625 0.1109375 0.115625
0 0.44453125 0.30546875 0.12265625 0.12265625
0 0.42578125 0.21171875 0.10078125 0.0984375
0 0.35078125 0.8578125 0.11328125 0.1203125