0 0.46171875 0.80546875 0.1609375 0.1109375
0 0.46875 0.70703125 0.12734375 0.12265625
0 0.72109375 0.6390625 0.1515625 0.1296875
0 0.6421875 0.35078125 0.1296875 0.1421875
0 0.54296875 0.396875 0.1296875 0.15859375
0 0.4515625 0.2359375 0.12265625 0.1390625
0 0.290625 0.16328125 0.13203125 0.14453125
0 0.27890625 0.30546875 0.1296875 0.1109375
0 0.27421875 0.3609375 0.1421875 0.14921875
0 0.37265625 0.39921875 0.11796875 0.15859375
0 0.27421875 0.47109375 0.1109375 0.103125
0 0.41328125 0.53359375 0.1296875 0.10078125
0 0.4515625 0.43984375 0.12265625 0.13671875
0 0.5265625 0.603125 0.1515625 0.1390625