0 0.5140625 0.23046875 0.115625 0.1109375
0 0.7015625 0.26953125 0.10546875 0.08671875
0 0.709375 0.334375 0.1203125 0.12265625
0 0.33203125 0.36328125 0.12265625 0.1109375
0 0.61328125 0.375 0.115625 0.14921875
0 0.43984375 0.39453125 0.1203125 0.115625
0 0.72578125 0.4328125 0.084375 0.084375
0 0.540625 0.4375 0.115625 0.125
0 0.7140625 0.478125 0.09140625 0.09375
0 0.5890625 0.509375 0.103125 0.10078125
0 0.46640625 0.54296875 0.115625 0.08671875
0 0.49765625 0.60078125 0.12734375 0.115625
0 0.28828125 0.65859375 0.1109375 0.115625
0 0.55546875 0.69453125 0.12265625 0.12265625
0 0.57421875 0.78828125 0.10078125 0.0984375
0 0.64921875 0.1421875 0.11328125 0.1203125