0 0.3484375 0.76171875 0.1078125 0.0984375
0 0.6515625 0.7140625 0.125 0.125
0 0.384375 0.68046875 0.115625 0.103125
0 0.478125 0.603125 0.134375 0.12265625
0 0.5171875 0.56015625 0.09609375 0.10078125
0 0.40859375 0.490625 0.09609375 0.09140625
0 0.490625 0.43515625 0.115625 0.12265625
0 0.30546875 0.43046875 0.10078125 0.0796875
0 0.7015625 0.42578125 0.1203125 0.125
0 0.584375 0.4234375 0.1078125 0.12734375
0 0.30546875 0.37265625 0.10078125 0.0984375
0 0.4328125 0.353125 0.1109375 0.1109375
0 0.3484375 0.28359375 0.1203125 0.1109375
0 0.56484375 0.240625 0.1203125 0.125
0 0.3796875 0.22109375 0.103125 0.1109375
0 0.46171875 0.1203125 0.1109375 0.1203125