0 0.59609375 0.20703125 0.1078125 0.09609375
0 0.40625 0.25234375 0.125 0.134375
0 0.6296875 0.26953125 0.1203125 0.1203125
0 0.56015625 0.34375 0.1203125 0.1203125
0 0.6828125 0.35078125 0.084375 0.09140625
0 0.6875 0.4015625 0.103125 0.08203125
0 0.5 0.42578125 0.12265625 0.1421875
0 0.40390625 0.428125 0.09609375 0.1203125
0 0.28828125 0.4421875 0.1078125 0.12734375
0 0.58671875 0.47578125 0.10546875 0.125
0 0.49765625 0.55546875 0.09609375 0.08671875
0 0.53828125 0.603125 0.1421875 0.1296875
0 0.6296875 0.66796875 0.115625 0.1109375
0 0.36328125 0.71640625 0.115625 0.1421875
0 0.68046875 0.74296875 0.1390625 0.1109375
0 0.49765625 0.1109375 0.115625 0.1203125