0 0.5046875 0.771875 0.134375 0.1296875
0 0.3171875 0.75234375 0.09609375 0.09140625
0 0.303125 0.678125 0.1203125 0.1296875
0 0.39921875 0.63203125 0.1203125 0.134375
0 0.6828125 0.6296875 0.1078125 0.115625
0 0.56484375 0.59375 0.1078125 0.11796875
0 0.27890625 0.5796875 0.0765625 0.08203125
0 0.47109375 0.5625 0.1078125 0.11796875
0 0.2859375 0.53125 0.09609375 0.0796875
0 0.41328125 0.49765625 0.1109375 0.1109375
0 0.5359375 0.4546875 0.0796875 0.071875
0 0.4953125 0.396875 0.13203125 0.12265625
0 0.7015625 0.3265625 0.1109375 0.103125
0 0.43046875 0.303125 0.125 0.1203125
0 0.40859375 0.22109375 0.115625 0.11796875
0 0.37265625 0.86328125 0.1078125 0.12265625